{"producer":{"name":"Blender","version":"2.79 (sub 0)","exporter_version":"5.6.4","file":"model.babylon"},
"autoClear":true,"clearColor":[0.0509,0.0509,0.0509],"ambientColor":[0,0,0],"gravity":[0,-9.81,0],
"materials":[{"name":"model.Boy01_Body_MAT","id":"model.Boy01_Body_MAT","ambient":[1,1,1],"diffuse":[0.8,0.8,0.8],"specular":[0.25,0.25,0.25],"emissive":[0,0,0],"specularPower":84,"alpha":1,"backFaceCulling":true,"checkReadyOnlyOnce":false,"maxSimultaneousLights":4, 
"diffuseTexture":{"name":"Boy01_diffuse.jpg","level":1,"hasAlpha":1,"coordinatesMode":0,"uOffset":0,"vOffset":0,"uScale":1,"vScale":1,"uAng":0,"vAng":0,"wAng":0,"wrapU":1,"wrapV":1,"coordinatesIndex":0}, 
"bumpTexture":{"name":"Boy01_normal.jpg","level":0.35,"hasAlpha":1,"coordinatesMode":0,"uOffset":0,"vOffset":0,"uScale":1,"vScale":1,"uAng":0,"vAng":0,"wAng":0,"wrapU":1,"wrapV":1,"coordinatesIndex":0}, 
"specularTexture":{"name":"Boy01_spec.jpg","level":1,"hasAlpha":1,"coordinatesMode":0,"uOffset":0,"vOffset":0,"uScale":1,"vScale":1,"uAng":0,"vAng":0,"wAng":0,"wrapU":1,"wrapV":1,"coordinatesIndex":0}},
{"name":"model.Boy01_Eyes_MAT1","id":"model.Boy01_Eyes_MAT1","ambient":[1,1,1],"diffuse":[0.8,0.8,0.8],"specular":[0.5,0.5,0.5],"emissive":[0,0,0],"specularPower":49,"alpha":1,"backFaceCulling":true,"checkReadyOnlyOnce":false,"maxSimultaneousLights":4, 
"diffuseTexture":{"name":"Boy01_FacialAnimMap.png","level":1,"hasAlpha":1,"coordinatesMode":0,"uOffset":0,"vOffset":0,"uScale":1,"vScale":1,"uAng":0,"vAng":0,"wAng":0,"wrapU":1,"wrapV":1,"coordinatesIndex":0}},
{"name":"model.Boy01_Mouth_MAT1","id":"model.Boy01_Mouth_MAT1","ambient":[1,1,1],"diffuse":[0.8,0.8,0.8],"specular":[0.5,0.5,0.5],"emissive":[0,0,0],"specularPower":49,"alpha":1,"backFaceCulling":true,"checkReadyOnlyOnce":false,"maxSimultaneousLights":4, 
"diffuseTexture":{"name":"Boy01_FacialAnimMap.png","level":1,"hasAlpha":1,"coordinatesMode":0,"uOffset":0,"vOffset":0,"uScale":1,"vScale":1,"uAng":0,"vAng":0,"wAng":0,"wrapU":1,"wrapV":1,"coordinatesIndex":0}},
{"name":"model.Boy01_Brows_MAT1","id":"model.Boy01_Brows_MAT1","ambient":[1,1,1],"diffuse":[0.8,0.8,0.8],"specular":[0.5,0.5,0.5],"emissive":[0,0,0],"specularPower":49,"alpha":1,"backFaceCulling":true,"checkReadyOnlyOnce":false,"maxSimultaneousLights":4, 
"diffuseTexture":{"name":"Boy01_FacialAnimMap.png","level":1,"hasAlpha":1,"coordinatesMode":0,"uOffset":0,"vOffset":0,"uScale":1,"vScale":1,"uAng":0,"vAng":0,"wAng":0,"wrapU":1,"wrapV":1,"coordinatesIndex":0}}],
"multiMaterials":[],
"skeletons":[{"name":"Armature","id":0,"dimensionsAtRest":[153.2728,54.7944,198.9888],"bones":[
{"name":"Hips","index":0,"matrix":[0.9965,-0.0582,-0.0605,0,0.0657,0.0914,0.9936,0,0.0523,0.9941,-0.0949,0,0.1,3.7099,75.5919,1],"rest":[1,0,0,0,0,0,1,0,0,1,0,0,0,2.5509,83.2081,1],"parentBoneIndex":-1,"length":30.0128
,"animation":{"dataType":3,"framePerSecond":30,"keys":[
{"frame":1,"values":[0.985,0.0547,-0.1636,0,0.1667,-0.059,0.9842,0,-0.0441,0.9968,0.0672,0,0.1895,0.8716,80.634,1]},
{"frame":2,"values":[0.985,0.0539,-0.1638,0,0.1669,-0.0595,0.9842,0,-0.0433,0.9968,0.0676,0,0.184,0.843,80.6273,1]},
{"frame":3,"values":[0.985,0.0536,-0.1639,0,0.167,-0.0599,0.9841,0,-0.0429,0.9968,0.0679,0,0.181,0.8185,80.6232,1]},
{"frame":4,"values":[0.985,0.0538,-0.164,0,0.1672,-0.0603,0.9841,0,-0.043,0.9967,0.0684,0,0.1759,0.7956,80.6199,1]},
{"frame":5,"values":[0.985,0.0533,-0.1639,0,0.1671,-0.0611,0.984,0,-0.0425,0.9967,0.0691,0,0.1743,0.7682,80.6152,1]},
{"frame":6,"values":[0.9851,0.0529,-0.1639,0,0.1671,-0.0624,0.984,0,-0.0418,0.9966,0.0703,0,0.175,0.7383,80.6128,1]},
{"frame":7,"values":[0.9851,0.0519,-0.1639,0,0.1671,-0.0639,0.9839,0,-0.0406,0.9966,0.0717,0,0.18,0.6918,80.6089,1]},
{"frame":8,"values":[0.9851,0.0517,-0.1639,0,0.167,-0.0645,0.9838,0,-0.0403,0.9966,0.0721,0,0.1797,0.6358,80.6095,1]},
{"frame":9,"values":[0.9852,0.0516,-0.1635,0,0.1667,-0.0646,0.9839,0,-0.0402,0.9966,0.0723,0,0.1802,0.5851,80.6135,1]},
{"frame":10,"values":[0.9852,0.0514,-0.1636,0,0.1667,-0.0639,0.9839,0,-0.0401,0.9966,0.0716,0,0.1803,0.5322,80.6172,1]},
{"frame":11,"values":[0.9852,0.0505,-0.1639,0,0.1669,-0.0623,0.984,0,-0.0395,0.9968,0.0698,0,0.1849,0.4784,80.6218,1]},
{"frame":12,"values":[0.9852,0.0491,-0.1645,0,0.1673,-0.0601,0.9841,0,-0.0385,0.997,0.0674,0,0.1967,0.422,80.6261,1]},
{"frame":13,"values":[0.9852,0.0483,-0.1646,0,0.1672,-0.0576,0.9842,0,-0.038,0.9972,0.0648,0,0.2121,0.3694,80.639,1]},
{"frame":14,"values":[0.9852,0.0486,-0.1643,0,0.1669,-0.0552,0.9844,0,-0.0387,0.9973,0.0625,0,0.2284,0.3281,80.6581,1]},
{"frame":15,"values":[0.9853,0.0494,-0.1638,0,0.1663,-0.0531,0.9846,0,-0.04,0.9974,0.0606,0,0.2494,0.297,80.6778,1]},
{"frame":16,"values":[0.9853,0.0501,-0.1631,0,0.1657,-0.0515,0.9848,0,-0.0409,0.9974,0.0591,0,0.2732,0.2719,80.6962,1]},
{"frame":17,"values":[0.9854,0.0505,-0.1626,0,0.1651,-0.0499,0.985,0,-0.0417,0.9975,0.0576,0,0.2966,0.2506,80.708,1]},
{"frame":18,"values":[0.9855,0.0508,-0.1621,0,0.1645,-0.0487,0.9852,0,-0.0421,0.9975,0.0564,0,0.3176,0.238,80.715,1]},
{"frame":19,"values":[0.9855,0.0511,-0.1617,0,0.1641,-0.0475,0.9853,0,-0.0427,0.9976,0.0552,0,0.3378,0.2313,80.7194,1]},
{"frame":20,"values":[0.9855,0.0515,-0.1615,0,0.1639,-0.0463,0.9854,0,-0.0433,0.9976,0.0541,0,0.3557,0.2327,80.726,1]},
{"frame":21,"values":[0.9855,0.0519,-0.1615,0,0.1639,-0.0452,0.9854,0,-0.0439,0.9976,0.0531,0,0.3695,0.2431,80.735,1]},
{"frame":22,"values":[0.9855,0.0526,-0.1615,0,0.1639,-0.0443,0.9855,0,-0.0447,0.9976,0.0523,0,0.3812,0.26,80.745,1]},
{"frame":23,"values":[0.9854,0.0534,-0.1615,0,0.1639,-0.0433,0.9855,0,-0.0456,0.9976,0.0514,0,0.3919,0.2786,80.7549,1]},
{"frame":24,"values":[0.9854,0.054,-0.1613,0,0.1637,-0.0425,0.9856,0,-0.0464,0.9976,0.0507,0,0.4032,0.3031,80.7649,1]},
{"frame":25,"values":[0.9854,0.0549,-0.1613,0,0.1637,-0.0415,0.9856,0,-0.0474,0.9976,0.0499,0,0.4125,0.3259,80.7727,1]},
{"frame":26,"values":[0.9853,0.0556,-0.1613,0,0.1637,-0.0407,0.9857,0,-0.0482,0.9976,0.0492,0,0.4196,0.3501,80.7798,1]},
{"frame":27,"values":[0.9853,0.0563,-0.1613,0,0.1637,-0.0401,0.9857,0,-0.049,0.9976,0.0487,0,0.4278,0.3766,80.7855,1]},
{"frame":28,"values":[0.9852,0.0568,-0.1616,0,0.164,-0.0394,0.9857,0,-0.0496,0.9976,0.0481,0,0.4332,0.4015,80.7895,1]},
{"frame":29,"values":[0.9852,0.057,-0.1618,0,0.1642,-0.0386,0.9857,0,-0.0499,0.9976,0.0474,0,0.4362,0.424,80.7933,1]},
{"frame":30,"values":[0.9851,0.0571,-0.1621,0,0.1644,-0.0381,0.9857,0,-0.0502,0.9976,0.0469,0,0.4375,0.4496,80.7981,1]},
{"frame":31,"values":[0.9851,0.057,-0.1624,0,0.1646,-0.0374,0.9856,0,-0.0502,0.9977,0.0463,0,0.4376,0.4715,80.8038,1]},
{"frame":32,"values":[0.9851,0.0567,-0.1626,0,0.1648,-0.0366,0.9856,0,-0.05,0.9977,0.0454,0,0.4353,0.4917,80.8098,1]},
{"frame":33,"values":[0.9851,0.0563,-0.1626,0,0.1647,-0.0361,0.9857,0,-0.0496,0.9978,0.0449,0,0.4329,0.51,80.8164,1]},
{"frame":34,"values":[0.9851,0.0558,-0.1626,0,0.1647,-0.0358,0.9857,0,-0.0492,0.9978,0.0444,0,0.4298,0.5242,80.8225,1]},
{"frame":35,"values":[0.9851,0.0558,-0.1626,0,0.1647,-0.0354,0.9857,0,-0.0493,0.9978,0.0441,0,0.4268,0.5361,80.8268,1]},
{"frame":36,"values":[0.9851,0.0561,-0.1627,0,0.1648,-0.0352,0.9857,0,-0.0496,0.9978,0.0439,0,0.4225,0.5465,80.8307,1]},
{"frame":37,"values":[0.985,0.0566,-0.1627,0,0.1649,-0.0352,0.9857,0,-0.0501,0.9978,0.044,0,0.417,0.5502,80.8317,1]},
{"frame":38,"values":[0.985,0.0572,-0.1628,0,0.1649,-0.0352,0.9857,0,-0.0506,0.9977,0.0441,0,0.4119,0.5479,80.8296,1]},
{"frame":39,"values":[0.985,0.0577,-0.1629,0,0.1651,-0.0352,0.9857,0,-0.0511,0.9977,0.0442,0,0.4051,0.5439,80.8235,1]},
{"frame":40,"values":[0.9849,0.0582,-0.1631,0,0.1653,-0.0351,0.9856,0,-0.0516,0.9977,0.0441,0,0.3961,0.5366,80.8187,1]},
{"frame":41,"values":[0.9848,0.0586,-0.1634,0,0.1656,-0.0348,0.9856,0,-0.052,0.9977,0.044,0,0.3865,0.5286,80.8166,1]},
{"frame":42,"values":[0.9848,0.0588,-0.1633,0,0.1655,-0.0347,0.9856,0,-0.0523,0.9977,0.0439,0,0.3767,0.5216,80.8137,1]},
{"frame":43,"values":[0.9848,0.0589,-0.1635,0,0.1657,-0.0347,0.9856,0,-0.0524,0.9977,0.0439,0,0.3634,0.513,80.8081,1]},
{"frame":44,"values":[0.9848,0.0587,-0.1635,0,0.1657,-0.035,0.9856,0,-0.0521,0.9977,0.0442,0,0.3522,0.5022,80.7985,1]},
{"frame":45,"values":[0.9848,0.0583,-0.1637,0,0.1659,-0.0358,0.9855,0,-0.0516,0.9977,0.0449,0,0.3419,0.4939,80.7896,1]},
{"frame":46,"values":[0.9847,0.0581,-0.164,0,0.1663,-0.0366,0.9854,0,-0.0513,0.9976,0.0457,0,0.3272,0.4876,80.7814,1]},
{"frame":47,"values":[0.9847,0.0582,-0.164,0,0.1663,-0.0374,0.9854,0,-0.0512,0.9976,0.0465,0,0.3169,0.4821,80.7756,1]},
{"frame":48,"values":[0.9848,0.0584,-0.1639,0,0.1662,-0.0384,0.9853,0,-0.0512,0.9976,0.0475,0,0.3044,0.4757,80.7707,1]},
{"frame":49,"values":[0.9847,0.0588,-0.1642,0,0.1666,-0.0392,0.9852,0,-0.0515,0.9975,0.0484,0,0.2885,0.4657,80.7603,1]},
{"frame":50,"values":[0.9846,0.0591,-0.1645,0,0.167,-0.0399,0.9851,0,-0.0517,0.9975,0.0492,0,0.2711,0.4535,80.7473,1]},
{"frame":51,"values":[0.9845,0.06,-0.165,0,0.1676,-0.0406,0.985,0,-0.0524,0.9974,0.0501,0,0.2596,0.4395,80.738,1]},
{"frame":52,"values":[0.9843,0.0609,-0.1655,0,0.1681,-0.0416,0.9849,0,-0.0531,0.9973,0.0512,0,0.251,0.4247,80.7241,1]},
{"frame":53,"values":[0.9842,0.0613,-0.1659,0,0.1686,-0.0424,0.9848,0,-0.0534,0.9972,0.052,0,0.2418,0.4069,80.7143,1]},
{"frame":54,"values":[0.9842,0.0618,-0.1661,0,0.1689,-0.0427,0.9847,0,-0.0538,0.9972,0.0525,0,0.2294,0.3952,80.7088,1]},
{"frame":55,"values":[0.9842,0.0621,-0.166,0,0.1688,-0.0436,0.9847,0,-0.054,0.9971,0.0534,0,0.2087,0.3902,80.7049,1]},
{"frame":56,"values":[0.9842,0.0626,-0.1658,0,0.1688,-0.045,0.9846,0,-0.0541,0.997,0.0549,0,0.1878,0.3838,80.6975,1]},
{"frame":57,"values":[0.9841,0.0631,-0.1658,0,0.1688,-0.0462,0.9846,0,-0.0544,0.9969,0.0561,0,0.1709,0.3721,80.6854,1]},
{"frame":58,"values":[0.9841,0.0631,-0.1658,0,0.1689,-0.0477,0.9845,0,-0.0542,0.9969,0.0576,0,0.1486,0.3618,80.6764,1]},
{"frame":59,"values":[0.9841,0.063,-0.1659,0,0.169,-0.0489,0.9844,0,-0.054,0.9968,0.0587,0,0.1236,0.3518,80.6708,1]},
{"frame":60,"values":[0.9841,0.0627,-0.166,0,0.1692,-0.0498,0.9843,0,-0.0535,0.9968,0.0596,0,0.1031,0.3397,80.6669,1]},
{"frame":61,"values":[0.9842,0.0623,-0.1659,0,0.1691,-0.0505,0.9843,0,-0.0529,0.9968,0.0603,0,0.0823,0.3247,80.664,1]},
{"frame":62,"values":[0.9843,0.0622,-0.1654,0,0.1687,-0.0516,0.9843,0,-0.0527,0.9967,0.0612,0,0.0621,0.3097,80.6597,1]},
{"frame":63,"values":[0.9843,0.0616,-0.1653,0,0.1686,-0.0526,0.9843,0,-0.052,0.9967,0.0621,0,0.0411,0.2923,80.6598,1]},
{"frame":64,"values":[0.9844,0.0606,-0.1653,0,0.1686,-0.0536,0.9842,0,-0.0508,0.9967,0.063,0,0.0222,0.2755,80.6571,1]},
{"frame":65,"values":[0.9845,0.0594,-0.165,0,0.1683,-0.0546,0.9842,0,-0.0495,0.9967,0.0637,0,0.001,0.2604,80.6568,1]},
{"frame":66,"values":[0.9846,0.0586,-0.1647,0,0.168,-0.0556,0.9842,0,-0.0485,0.9967,0.0646,0,-0.0204,0.2469,80.6532,1]},
{"frame":67,"values":[0.9847,0.058,-0.1645,0,0.1678,-0.0566,0.9842,0,-0.0478,0.9967,0.0654,0,-0.0401,0.237,80.6467,1]},
{"frame":68,"values":[0.9847,0.0576,-0.1643,0,0.1676,-0.0572,0.9842,0,-0.0473,0.9967,0.066,0,-0.0591,0.2266,80.6384,1]},
{"frame":69,"values":[0.9848,0.0572,-0.1639,0,0.1672,-0.0578,0.9842,0,-0.0468,0.9967,0.0665,0,-0.0764,0.2237,80.6314,1]},
{"frame":70,"values":[0.9849,0.0569,-0.1636,0,0.1669,-0.0584,0.9842,0,-0.0465,0.9967,0.067,0,-0.0929,0.2194,80.6235,1]},
{"frame":71,"values":[0.9849,0.0567,-0.1633,0,0.1666,-0.059,0.9843,0,-0.0462,0.9966,0.0675,0,-0.1064,0.2173,80.6183,1]},
{"frame":72,"values":[0.9849,0.057,-0.1632,0,0.1665,-0.0594,0.9843,0,-0.0464,0.9966,0.068,0,-0.1156,0.214,80.6134,1]},
{"frame":73,"values":[0.985,0.0571,-0.1631,0,0.1664,-0.0595,0.9843,0,-0.0465,0.9966,0.0682,0,-0.123,0.2106,80.6078,1]},
{"frame":74,"values":[0.9849,0.0573,-0.1631,0,0.1664,-0.0597,0.9842,0,-0.0467,0.9966,0.0684,0,-0.1299,0.208,80.602,1]},
{"frame":75,"values":[0.985,0.0575,-0.163,0,0.1664,-0.0599,0.9842,0,-0.0469,0.9965,0.0686,0,-0.1346,0.2069,80.5987,1]},
{"frame":76,"values":[0.985,0.0576,-0.1628,0,0.1662,-0.06,0.9843,0,-0.0469,0.9965,0.0687,0,-0.1385,0.2018,80.5962,1]},
{"frame":77,"values":[0.985,0.0576,-0.1626,0,0.166,-0.0599,0.9843,0,-0.0469,0.9965,0.0686,0,-0.1409,0.197,80.5948,1]},
{"frame":78,"values":[0.985,0.0574,-0.1624,0,0.1658,-0.0597,0.9843,0,-0.0468,0.9966,0.0684,0,-0.141,0.1916,80.5946,1]},
{"frame":79,"values":[0.9851,0.0572,-0.1625,0,0.1658,-0.0593,0.9844,0,-0.0467,0.9966,0.068,0,-0.1392,0.1852,80.5944,1]},
{"frame":80,"values":[0.9851,0.0571,-0.1625,0,0.1658,-0.0589,0.9844,0,-0.0467,0.9966,0.0675,0,-0.1363,0.1803,80.594,1]},
{"frame":81,"values":[0.985,0.0571,-0.1625,0,0.1658,-0.0584,0.9844,0,-0.0468,0.9967,0.067,0,-0.1329,0.1767,80.5931,1]},
{"frame":82,"values":[0.985,0.0574,-0.1626,0,0.1658,-0.0577,0.9845,0,-0.0471,0.9967,0.0663,0,-0.127,0.1752,80.5934,1]},
{"frame":83,"values":[0.985,0.0577,-0.1626,0,0.1659,-0.0571,0.9845,0,-0.0476,0.9967,0.0658,0,-0.1174,0.1758,80.5938,1]},
{"frame":84,"values":[0.985,0.0581,-0.1627,0,0.166,-0.0562,0.9845,0,-0.048,0.9967,0.065,0,-0.1045,0.1792,80.5968,1]},
{"frame":85,"values":[0.9849,0.0582,-0.1628,0,0.166,-0.0549,0.9846,0,-0.0484,0.9968,0.0638,0,-0.0891,0.1825,80.6002,1]},
{"frame":86,"values":[0.985,0.0581,-0.1627,0,0.1658,-0.0536,0.9847,0,-0.0485,0.9969,0.0624,0,-0.0704,0.1869,80.6077,1]},
{"frame":87,"values":[0.985,0.0579,-0.1624,0,0.1654,-0.0523,0.9848,0,-0.0485,0.997,0.0611,0,-0.0493,0.1986,80.6214,1]},
{"frame":88,"values":[0.9851,0.0577,-0.1621,0,0.165,-0.0508,0.985,0,-0.0486,0.997,0.0596,0,-0.021,0.2121,80.6313,1]},
{"frame":89,"values":[0.9851,0.0578,-0.1617,0,0.1646,-0.0494,0.9851,0,-0.049,0.9971,0.0581,0,0.0164,0.2299,80.6446,1]},
{"frame":90,"values":[0.9851,0.059,-0.1617,0,0.1645,-0.0478,0.9852,0,-0.0504,0.9971,0.0568,0,0.058,0.2524,80.6583,1]},
{"frame":91,"values":[0.9851,0.0605,-0.161,0,0.1638,-0.0461,0.9854,0,-0.0522,0.9971,0.0553,0,0.1099,0.2845,80.6751,1]},
{"frame":92,"values":[0.9851,0.0626,-0.1601,0,0.163,-0.0443,0.9856,0,-0.0546,0.9971,0.0538,0,0.162,0.3202,80.6966,1]},
{"frame":93,"values":[0.9849,0.0656,-0.1601,0,0.163,-0.042,0.9857,0,-0.058,0.997,0.0521,0,0.2086,0.3593,80.7182,1]},
{"frame":94,"values":[0.9848,0.068,-0.1596,0,0.1626,-0.0404,0.9859,0,-0.0606,0.9969,0.0508,0,0.2589,0.4089,80.7254,1]},
{"frame":95,"values":[0.9849,0.069,-0.159,0,0.1619,-0.0385,0.9861,0,-0.0619,0.9969,0.0491,0,0.3173,0.4548,80.7265,1]},
{"frame":96,"values":[0.985,0.0692,-0.1581,0,0.1609,-0.0369,0.9863,0,-0.0625,0.9969,0.0475,0,0.3718,0.5027,80.728,1]},
{"frame":97,"values":[0.9852,0.0689,-0.157,0,0.1597,-0.0351,0.9865,0,-0.0625,0.997,0.0456,0,0.4184,0.5532,80.7378,1]},
{"frame":98,"values":[0.9854,0.0688,-0.1556,0,0.1581,-0.0333,0.9869,0,-0.0627,0.9971,0.0437,0,0.4605,0.6058,80.7498,1]},
{"frame":99,"values":[0.9857,0.0693,-0.1538,0,0.1562,-0.0317,0.9872,0,-0.0636,0.9971,0.0421,0,0.4967,0.6592,80.762,1]},
{"frame":100,"values":[0.986,0.0698,-0.1513,0,0.1537,-0.0304,0.9877,0,-0.0644,0.9971,0.0407,0,0.5265,0.7212,80.774,1]},
{"frame":101,"values":[0.9864,0.0701,-0.1484,0,0.1507,-0.0291,0.9882,0,-0.065,0.9971,0.0392,0,0.5513,0.7908,80.7912,1]},
{"frame":102,"values":[0.987,0.0702,-0.1448,0,0.147,-0.0276,0.9887,0,-0.0654,0.9972,0.0375,0,0.5732,0.8626,80.8052,1]},
{"frame":103,"values":[0.9875,0.0708,-0.1408,0,0.1429,-0.0262,0.9894,0,-0.0664,0.9971,0.036,0,0.5921,0.9388,80.8172,1]},
{"frame":104,"values":[0.9881,0.0711,-0.1363,0,0.1383,-0.025,0.9901,0,-0.067,0.9972,0.0346,0,0.6111,1.0146,80.8266,1]},
{"frame":105,"values":[0.9887,0.0714,-0.1315,0,0.1335,-0.024,0.9908,0,-0.0676,0.9972,0.0333,0,0.6276,1.0947,80.8317,1]},
{"frame":106,"values":[0.9893,0.0723,-0.1263,0,0.1283,-0.0228,0.9915,0,-0.0688,0.9971,0.0319,0,0.6482,1.1771,80.845,1]},
{"frame":107,"values":[0.9899,0.074,-0.1207,0,0.1225,-0.0214,0.9922,0,-0.0708,0.997,0.0303,0,0.6762,1.261,80.8633,1]},
{"frame":108,"values":[0.9906,0.0759,-0.114,0,0.1158,-0.0194,0.9931,0,-0.0731,0.9969,0.028,0,0.7134,1.3484,80.8876,1]},
{"frame":109,"values":[0.9913,0.0778,-0.1064,0,0.1081,-0.0177,0.994,0,-0.0754,0.9968,0.026,0,0.7589,1.4447,80.9298,1]},
{"frame":110,"values":[0.9919,0.0803,-0.0987,0,0.1003,-0.0161,0.9948,0,-0.0783,0.9966,0.024,0,0.8145,1.5409,80.9898,1]},
{"frame":111,"values":[0.9924,0.0832,-0.0902,0,0.0918,-0.0152,0.9957,0,-0.0815,0.9964,0.0227,0,0.8785,1.6422,81.0592,1]},
{"frame":112,"values":[0.9929,0.0868,-0.0816,0,0.0832,-0.0145,0.9964,0,-0.0853,0.9961,0.0216,0,0.9526,1.7383,81.1334,1]},
{"frame":113,"values":[0.9932,0.0908,-0.0734,0,0.075,-0.0145,0.9971,0,-0.0895,0.9958,0.0212,0,1.033,1.8304,81.2074,1]},
{"frame":114,"values":[0.9934,0.0947,-0.0646,0,0.0662,-0.014,0.9977,0,-0.0936,0.9954,0.0202,0,1.1266,1.9227,81.2974,1]},
{"frame":115,"values":[0.9936,0.0983,-0.0559,0,0.0575,-0.0137,0.9983,0,-0.0973,0.9951,0.0192,0,1.2366,2.0223,81.3913,1]},
{"frame":116,"values":[0.9936,0.1024,-0.0474,0,0.0489,-0.0127,0.9987,0,-0.1016,0.9947,0.0177,0,1.3535,2.13,81.4894,1]},
{"frame":117,"values":[0.9936,0.1059,-0.0383,0,0.0398,-0.0122,0.9991,0,-0.1053,0.9943,0.0163,0,1.4918,2.2379,81.5755,1]},
{"frame":118,"values":[0.9934,0.1104,-0.0305,0,0.032,-0.0116,0.9994,0,-0.11,0.9938,0.0151,0,1.6342,2.3633,81.6566,1]},
{"frame":119,"values":[0.993,0.1155,-0.0228,0,0.0243,-0.0116,0.9996,0,-0.1152,0.9932,0.0144,0,1.8011,2.4763,81.7388,1]},
{"frame":120,"values":[0.9923,0.1225,-0.017,0,0.0185,-0.0112,0.9998,0,-0.1223,0.9924,0.0134,0,1.9799,2.5866,81.8208,1]},
{"frame":121,"values":[0.9914,0.13,-0.012,0,0.0136,-0.0115,0.9998,0,-0.1299,0.9914,0.0132,0,2.1683,2.6978,81.8827,1]},
{"frame":122,"values":[0.9906,0.1366,-0.0076,0,0.0092,-0.0117,0.9999,0,-0.1365,0.9906,0.0128,0,2.3632,2.8133,81.9466,1]},
{"frame":123,"values":[0.9897,0.1433,-0.0048,0,0.0066,-0.0121,0.9999,0,-0.1432,0.9896,0.0129,0,2.5675,2.9107,82.0058,1]},
{"frame":124,"values":[0.9889,0.1484,-0.0018,0,0.0037,-0.0123,0.9999,0,-0.1484,0.9888,0.0127,0,2.786,3.0328,82.0481,1]},
{"frame":125,"values":[0.9882,0.1534,0.0001,0,0.002,-0.0131,0.9999,0,-0.1534,0.9881,0.0132,0,3.0194,3.1305,82.0738,1]},
{"frame":126,"values":[0.9874,0.158,0.0008,0,0.0013,-0.0135,0.9999,0,-0.158,0.9874,0.0135,0,3.2645,3.2095,82.0899,1]},
{"frame":127,"values":[0.9867,0.1624,0.001,0,0.0012,-0.0136,0.9999,0,-0.1624,0.9866,0.0136,0,3.5221,3.2713,82.109,1]},
{"frame":128,"values":[0.9859,0.1674,0.0012,0,0.001,-0.0133,0.9999,0,-0.1674,0.9858,0.0133,0,3.7651,3.3128,82.1145,1]},
{"frame":129,"values":[0.9851,0.1722,0.0018,0,0.0003,-0.012,0.9999,0,-0.1722,0.985,0.0119,0,3.991,3.3371,82.103,1]},
{"frame":130,"values":[0.9843,0.1767,0.0025,0,-0.0006,-0.0108,0.9999,0,-0.1767,0.9842,0.0105,0,4.2122,3.345,82.0813,1]},
{"frame":131,"values":[0.9835,0.181,0.0036,0,-0.0018,-0.0099,0.9999,0,-0.1811,0.9834,0.0094,0,4.4219,3.3304,82.052,1]},
{"frame":132,"values":[0.9825,0.1863,0.0056,0,-0.004,-0.0089,1,0,-0.1863,0.9825,0.008,0,4.6178,3.2982,82.0119,1]},
{"frame":133,"values":[0.9813,0.1922,0.0083,0,-0.0069,-0.0083,0.9999,0,-0.1922,0.9813,0.0068,0,4.8027,3.2438,81.9604,1]},
{"frame":134,"values":[0.98,0.1986,0.0119,0,-0.0104,-0.0088,0.9999,0,-0.1987,0.98,0.0065,0,4.9801,3.1769,81.8805,1]},
{"frame":135,"values":[0.9787,0.2045,0.0161,0,-0.0143,-0.0102,0.9998,0,-0.2047,0.9788,0.007,0,5.1538,3.0923,81.7848,1]},
{"frame":136,"values":[0.9772,0.2113,0.0196,0,-0.0177,-0.0112,0.9998,0,-0.2114,0.9774,0.0072,0,5.3192,3.0026,81.6749,1]},
{"frame":137,"values":[0.9758,0.2177,0.0227,0,-0.0204,-0.0128,0.9997,0,-0.2179,0.9759,0.0081,0,5.4768,2.9196,81.5606,1]},
{"frame":138,"values":[0.9743,0.2237,0.0264,0,-0.0237,-0.0148,0.9996,0,-0.224,0.9745,0.0091,0,5.6136,2.8424,81.4622,1]},
{"frame":139,"values":[0.9731,0.2285,0.0289,0,-0.0256,-0.0173,0.9995,0,-0.2289,0.9734,0.011,0,5.7371,2.7622,81.3784,1]},
{"frame":140,"values":[0.9718,0.2334,0.0322,0,-0.0283,-0.02,0.9994,0,-0.2339,0.9722,0.0128,0,5.8429,2.6664,81.2963,1]},
{"frame":141,"values":[0.9707,0.2377,0.0361,0,-0.0317,-0.0224,0.9992,0,-0.2383,0.9711,0.0142,0,5.9329,2.5732,81.2124,1]},
{"frame":142,"values":[0.9692,0.243,0.0405,0,-0.0354,-0.0255,0.999,0,-0.2438,0.9697,0.0161,0,6.0284,2.4824,81.1347,1]},
{"frame":143,"values":[0.9672,0.2499,0.0447,0,-0.0387,-0.0289,0.9988,0,-0.2509,0.9678,0.0183,0,6.1203,2.4013,81.0558,1]},
{"frame":144,"values":[0.9649,0.2578,0.0497,0,-0.0426,-0.0328,0.9986,0,-0.2591,0.9656,0.0207,0,6.2071,2.3328,80.9662,1]},
{"frame":145,"values":[0.9628,0.2643,0.0556,0,-0.0476,-0.0366,0.9982,0,-0.2658,0.9638,0.0227,0,6.2928,2.282,80.8726,1]},
{"frame":146,"values":[0.9611,0.2692,0.0618,0,-0.0528,-0.0405,0.9978,0,-0.2711,0.9622,0.0248,0,6.388,2.235,80.7814,1]},
{"frame":147,"values":[0.9596,0.2727,0.0685,0,-0.0588,-0.0437,0.9973,0,-0.275,0.9611,0.0259,0,6.5003,2.2048,80.6911,1]},
{"frame":148,"values":[0.9584,0.2754,0.0751,0,-0.0649,-0.0459,0.9968,0,-0.278,0.9602,0.0261,0,6.6129,2.1654,80.6031,1]},
{"frame":149,"values":[0.9572,0.2776,0.0814,0,-0.0706,-0.0485,0.9963,0,-0.2805,0.9595,0.0269,0,6.7328,2.1203,80.5228,1]},
{"frame":150,"values":[0.9564,0.2792,0.0862,0,-0.0746,-0.0516,0.9959,0,-0.2825,0.9588,0.0285,0,6.8554,2.0595,80.4458,1]},
{"frame":151,"values":[0.9555,0.281,0.09,0,-0.0774,-0.0556,0.9954,0,-0.2847,0.9581,0.0314,0,6.9831,2.0139,80.3713,1]},
{"frame":152,"values":[0.9551,0.2812,0.0933,0,-0.0794,-0.0602,0.995,0,-0.2854,0.9578,0.0352,0,7.1147,1.9809,80.3052,1]},
{"frame":153,"values":[0.9554,0.2796,0.0954,0,-0.0808,-0.0634,0.9947,0,-0.2842,0.958,0.038,0,7.2403,1.947,80.2547,1]},
{"frame":154,"values":[0.9558,0.2775,0.0969,0,-0.0817,-0.0659,0.9945,0,-0.2824,0.9585,0.0403,0,7.3509,1.8999,80.2138,1]},
{"frame":155,"values":[0.9563,0.2756,0.0976,0,-0.0819,-0.0682,0.9943,0,-0.2807,0.9588,0.0426,0,7.4494,1.8525,80.1839,1]},
{"frame":156,"values":[0.9567,0.274,0.0984,0,-0.082,-0.0707,0.9941,0,-0.2794,0.9591,0.0452,0,7.5355,1.8194,80.1596,1]},
{"frame":157,"values":[0.9571,0.2724,0.0986,0,-0.0817,-0.0728,0.994,0,-0.278,0.9594,0.0474,0,7.6125,1.7972,80.1397,1]},
{"frame":158,"values":[0.9576,0.271,0.0981,0,-0.0811,-0.0735,0.994,0,-0.2766,0.9598,0.0484,0,7.686,1.7821,80.1224,1]},
{"frame":159,"values":[0.9579,0.2696,0.0984,0,-0.0812,-0.0742,0.9939,0,-0.2753,0.9601,0.0492,0,7.7526,1.7647,80.1061,1]},
{"frame":160,"values":[0.9584,0.268,0.0984,0,-0.0811,-0.0749,0.9939,0,-0.2737,0.9605,0.0501,0,7.8072,1.7488,80.0943,1]},
{"frame":161,"values":[0.9589,0.2663,0.0984,0,-0.081,-0.0757,0.9938,0,-0.2721,0.9609,0.051,0,7.8536,1.7361,80.0861,1]},
{"frame":162,"values":[0.9592,0.2648,0.0989,0,-0.0813,-0.0765,0.9937,0,-0.2707,0.9613,0.0519,0,7.8918,1.727,80.0802,1]},
{"frame":163,"values":[0.9596,0.2633,0.0995,0,-0.0819,-0.077,0.9937,0,-0.2693,0.9616,0.0524,0,7.9164,1.7185,80.0765,1]},
{"frame":164,"values":[0.9597,0.2624,0.1001,0,-0.0824,-0.0776,0.9936,0,-0.2685,0.9618,0.0528,0,7.9382,1.7127,80.0725,1]},
{"frame":165,"values":[0.9598,0.262,0.1006,0,-0.0828,-0.0781,0.9935,0,-0.2682,0.9619,0.0532,0,7.955,1.7087,80.066,1]},
{"frame":166,"values":[0.9599,0.2614,0.1009,0,-0.083,-0.0788,0.9934,0,-0.2677,0.962,0.0539,0,7.9675,1.7091,80.0606,1]},
{"frame":167,"values":[0.9601,0.2607,0.1011,0,-0.0831,-0.0795,0.9934,0,-0.2671,0.9621,0.0547,0,7.9776,1.7117,80.0578,1]},
{"frame":168,"values":[0.9603,0.26,0.1013,0,-0.0831,-0.0802,0.9933,0,-0.2664,0.9623,0.0554,0,7.9855,1.7197,80.0583,1]},
{"frame":169,"values":[0.9605,0.2593,0.1013,0,-0.083,-0.0808,0.9933,0,-0.2657,0.9624,0.056,0,7.9923,1.7325,80.0603,1]},
{"frame":170,"values":[0.9607,0.2586,0.1009,0,-0.0824,-0.0813,0.9933,0,-0.2651,0.9625,0.0568,0,7.9982,1.7491,80.0685,1]},
{"frame":171,"values":[0.9609,0.2582,0.1,0,-0.0815,-0.0815,0.9933,0,-0.2647,0.9626,0.0573,0,8.0059,1.763,80.0835,1]},
{"frame":172,"values":[0.961,0.2581,0.099,0,-0.0804,-0.0816,0.9934,0,-0.2645,0.9627,0.0577,0,8.0176,1.7753,80.1008,1]},
{"frame":173,"values":[0.9611,0.2583,0.098,0,-0.0794,-0.0815,0.9935,0,-0.2646,0.9626,0.0579,0,8.0319,1.781,80.1155,1]},
{"frame":174,"values":[0.961,0.2589,0.0971,0,-0.0785,-0.0812,0.9936,0,-0.2652,0.9625,0.0577,0,8.0515,1.7788,80.12,1]},
{"frame":175,"values":[0.9609,0.2597,0.0963,0,-0.0776,-0.0813,0.9937,0,-0.2659,0.9623,0.058,0,8.0752,1.7625,80.1193,1]},
{"frame":176,"values":[0.9607,0.2605,0.0955,0,-0.0766,-0.0816,0.9937,0,-0.2667,0.962,0.0584,0,8.1019,1.7366,80.1201,1]},
{"frame":177,"values":[0.9605,0.2617,0.095,0,-0.0762,-0.0813,0.9938,0,-0.2678,0.9617,0.0582,0,8.1354,1.6984,80.1199,1]},
{"frame":178,"values":[0.9602,0.2628,0.0943,0,-0.0756,-0.0804,0.9939,0,-0.2688,0.9615,0.0573,0,8.1713,1.6576,80.1175,1]},
{"frame":179,"values":[0.9601,0.2635,0.0933,0,-0.0748,-0.0796,0.994,0,-0.2693,0.9614,0.0567,0,8.2057,1.6131,80.1142,1]},
{"frame":180,"values":[0.9602,0.2636,0.0928,0,-0.0745,-0.0788,0.9941,0,-0.2693,0.9614,0.056,0,8.2419,1.5614,80.1055,1]},
{"frame":181,"values":[0.9602,0.2635,0.0921,0,-0.0742,-0.0774,0.9942,0,-0.2691,0.9616,0.0548,0,8.2779,1.4958,80.1064,1]},
{"frame":182,"values":[0.9604,0.2633,0.0909,0,-0.0735,-0.0752,0.9945,0,-0.2687,0.9618,0.0529,0,8.3123,1.4245,80.1138,1]},
{"frame":183,"values":[0.9605,0.2633,0.0897,0,-0.0728,-0.0733,0.9947,0,-0.2685,0.9619,0.0512,0,8.3389,1.3573,80.1262,1]},
{"frame":184,"values":[0.9607,0.2631,0.0883,0,-0.0719,-0.0714,0.9949,0,-0.268,0.9621,0.0497,0,8.3578,1.2886,80.1413,1]},
{"frame":185,"values":[0.961,0.2626,0.0868,0,-0.0711,-0.0689,0.9951,0,-0.2673,0.9624,0.0476,0,8.3747,1.2215,80.157,1]},
{"frame":186,"values":[0.9613,0.2621,0.0851,0,-0.07,-0.0662,0.9953,0,-0.2665,0.9628,0.0453,0,8.3862,1.1489,80.1743,1]},
{"frame":187,"values":[0.9615,0.262,0.0831,0,-0.0687,-0.0635,0.9956,0,-0.2661,0.963,0.0431,0,8.3913,1.0689,80.193,1]},
{"frame":188,"values":[0.9616,0.2621,0.0813,0,-0.0677,-0.0605,0.9959,0,-0.266,0.9631,0.0404,0,8.3915,0.9925,80.2117,1]},
{"frame":189,"values":[0.9617,0.2623,0.0793,0,-0.0665,-0.0576,0.9961,0,-0.2658,0.9633,0.0379,0,8.3906,0.9262,80.2311,1]},
{"frame":190,"values":[0.9619,0.2624,0.0768,0,-0.0645,-0.0551,0.9964,0,-0.2657,0.9634,0.036,0,8.3893,0.8611,80.2525,1]},
{"frame":191,"values":[0.9619,0.2629,0.0748,0,-0.0632,-0.0521,0.9966,0,-0.2659,0.9634,0.0335,0,8.3919,0.8058,80.2703,1]},
{"frame":192,"values":[0.9619,0.2635,0.0732,0,-0.0623,-0.0496,0.9968,0,-0.2663,0.9634,0.0313,0,8.3951,0.7633,80.2844,1]},
{"frame":193,"values":[0.9619,0.2637,0.0718,0,-0.0612,-0.0482,0.997,0,-0.2664,0.9634,0.0302,0,8.3954,0.7287,80.2989,1]},
{"frame":194,"values":[0.9618,0.2644,0.0711,0,-0.0607,-0.0475,0.997,0,-0.267,0.9632,0.0296,0,8.4032,0.6982,80.3065,1]},
{"frame":195,"values":[0.9617,0.2649,0.0706,0,-0.0604,-0.0466,0.9971,0,-0.2674,0.9631,0.0288,0,8.4108,0.6786,80.3129,1]},
{"frame":196,"values":[0.9617,0.2652,0.0699,0,-0.0598,-0.0458,0.9972,0,-0.2677,0.9631,0.0282,0,8.4246,0.6738,80.317,1]},
{"frame":197,"values":[0.9616,0.2658,0.0692,0,-0.0594,-0.0448,0.9972,0,-0.2681,0.963,0.0273,0,8.4361,0.6683,80.3166,1]},
{"frame":198,"values":[0.9614,0.2664,0.0687,0,-0.059,-0.0442,0.9973,0,-0.2687,0.9629,0.0267,0,8.4492,0.6681,80.319,1]},
{"frame":199,"values":[0.9614,0.2666,0.0682,0,-0.0586,-0.044,0.9973,0,-0.2688,0.9628,0.0266,0,8.4636,0.6821,80.326,1]},
{"frame":200,"values":[0.9614,0.2667,0.0675,0,-0.0579,-0.0435,0.9974,0,-0.2689,0.9628,0.0264,0,8.4807,0.7054,80.3356,1]},
{"frame":201,"values":[0.9614,0.2669,0.0666,0,-0.0571,-0.0432,0.9974,0,-0.2691,0.9628,0.0263,0,8.4975,0.7371,80.3467,1]},
{"frame":202,"values":[0.9613,0.2676,0.0656,0,-0.0561,-0.043,0.9975,0,-0.2697,0.9626,0.0263,0,8.5129,0.7719,80.3551,1]},
{"frame":203,"values":[0.9611,0.2684,0.0648,0,-0.0553,-0.0429,0.9976,0,-0.2705,0.9623,0.0264,0,8.5241,0.8108,80.362,1]},
{"frame":204,"values":[0.9609,0.2695,0.0643,0,-0.0546,-0.0433,0.9976,0,-0.2716,0.962,0.0269,0,8.5325,0.8516,80.3665,1]},
{"frame":205,"values":[0.9606,0.2705,0.064,0,-0.054,-0.044,0.9976,0,-0.2726,0.9617,0.0277,0,8.5378,0.8964,80.3665,1]},
{"frame":206,"values":[0.9605,0.2711,0.0637,0,-0.0535,-0.0447,0.9976,0,-0.2732,0.9615,0.0284,0,8.5433,0.9388,80.365,1]},
{"frame":207,"values":[0.9603,0.2717,0.0633,0,-0.0529,-0.0456,0.9976,0,-0.2739,0.9613,0.0294,0,8.5451,0.9763,80.3662,1]},
{"frame":208,"values":[0.9601,0.2726,0.0627,0,-0.052,-0.0461,0.9976,0,-0.2748,0.961,0.03,0,8.5418,1.0107,80.3681,1]},
{"frame":209,"values":[0.9599,0.2733,0.062,0,-0.0512,-0.0465,0.9976,0,-0.2756,0.9608,0.0306,0,8.5401,1.0378,80.3711,1]},
{"frame":210,"values":[0.9599,0.2737,0.0614,0,-0.0505,-0.0468,0.9976,0,-0.2759,0.9607,0.0311,0,8.5447,1.0625,80.3753,1]},
{"frame":211,"values":[0.9599,0.2737,0.0611,0,-0.0501,-0.047,0.9976,0,-0.276,0.9607,0.0314,0,8.5534,1.0805,80.3799,1]},
{"frame":212,"values":[0.9598,0.2739,0.061,0,-0.05,-0.047,0.9976,0,-0.2761,0.9606,0.0315,0,8.5603,1.0951,80.3831,1]},
{"frame":213,"values":[0.9597,0.2743,0.0609,0,-0.0498,-0.0471,0.9976,0,-0.2765,0.9605,0.0315,0,8.5647,1.1043,80.3854,1]},
{"frame":214,"values":[0.9597,0.2744,0.0608,0,-0.0497,-0.0473,0.9976,0,-0.2767,0.9604,0.0318,0,8.5672,1.1079,80.387,1]},
{"frame":215,"values":[0.9597,0.2745,0.0607,0,-0.0495,-0.0476,0.9976,0,-0.2767,0.9604,0.0321,0,8.5697,1.1071,80.3873,1]},
{"frame":216,"values":[0.9597,0.2743,0.0609,0,-0.0495,-0.0481,0.9976,0,-0.2766,0.9604,0.0326,0,8.569,1.1005,80.3862,1]},
{"frame":217,"values":[0.9599,0.2737,0.0611,0,-0.0497,-0.0485,0.9976,0,-0.276,0.9606,0.033,0,8.5664,1.0888,80.3846,1]},
{"frame":218,"values":[0.96,0.2731,0.0613,0,-0.0499,-0.0487,0.9976,0,-0.2754,0.9608,0.0332,0,8.5648,1.0749,80.3817,1]},
{"frame":219,"values":[0.9602,0.2726,0.0614,0,-0.0498,-0.0491,0.9975,0,-0.2749,0.9609,0.0336,0,8.5679,1.0591,80.3786,1]},
{"frame":220,"values":[0.9603,0.2721,0.0616,0,-0.0499,-0.0497,0.9975,0,-0.2745,0.961,0.0342,0,8.574,1.0377,80.3753,1]},
{"frame":221,"values":[0.9604,0.2716,0.0619,0,-0.0499,-0.0507,0.9975,0,-0.274,0.9611,0.0352,0,8.5814,1.0117,80.3715,1]},
{"frame":222,"values":[0.9605,0.2711,0.0623,0,-0.05,-0.0519,0.9974,0,-0.2736,0.9612,0.0363,0,8.5917,0.9844,80.3667,1]},
{"frame":223,"values":[0.9606,0.2707,0.0625,0,-0.05,-0.0528,0.9973,0,-0.2733,0.9612,0.0372,0,8.6018,0.9516,80.3613,1]},
{"frame":224,"values":[0.9607,0.2703,0.0631,0,-0.0504,-0.0537,0.9973,0,-0.2729,0.9613,0.038,0,8.6156,0.9198,80.3544,1]},
{"frame":225,"values":[0.9609,0.2695,0.0639,0,-0.051,-0.0545,0.9972,0,-0.2723,0.9614,0.0386,0,8.633,0.8881,80.3463,1]},
{"frame":226,"values":[0.9609,0.2692,0.0641,0,-0.0512,-0.0548,0.9972,0,-0.272,0.9615,0.0389,0,8.6489,0.8524,80.3383,1]},
{"frame":227,"values":[0.9611,0.2688,0.0633,0,-0.0505,-0.0543,0.9972,0,-0.2715,0.9617,0.0386,0,8.6647,0.8147,80.3321,1]},
{"frame":228,"values":[0.9611,0.2687,0.0632,0,-0.0505,-0.054,0.9973,0,-0.2714,0.9617,0.0383,0,8.6805,0.783,80.3261,1]},
{"frame":229,"values":[0.961,0.2692,0.0635,0,-0.0505,-0.055,0.9972,0,-0.272,0.9615,0.0393,0,8.6933,0.7596,80.3203,1]},
{"frame":230,"values":[0.9607,0.27,0.0639,0,-0.0504,-0.0565,0.9971,0,-0.2728,0.9612,0.0406,0,8.7049,0.7409,80.3143,1]},
{"frame":231,"values":[0.9606,0.2705,0.0641,0,-0.0503,-0.0576,0.9971,0,-0.2734,0.961,0.0417,0,8.7134,0.7223,80.3102,1]},
{"frame":232,"values":[0.9605,0.2708,0.0644,0,-0.0503,-0.0586,0.997,0,-0.2738,0.9608,0.0427,0,8.7247,0.7055,80.3052,1]},
{"frame":233,"values":[0.9604,0.271,0.0648,0,-0.0505,-0.0595,0.997,0,-0.274,0.9607,0.0435,0,8.7351,0.6904,80.2996,1]},
{"frame":234,"values":[0.9605,0.2706,0.0651,0,-0.0506,-0.0604,0.9969,0,-0.2737,0.9608,0.0444,0,8.7453,0.6778,80.2961,1]},
{"frame":235,"values":[0.9607,0.2697,0.0654,0,-0.0506,-0.0613,0.9968,0,-0.2729,0.961,0.0452,0,8.7556,0.6685,80.2923,1]},
{"frame":236,"values":[0.961,0.2688,0.0656,0,-0.0507,-0.0621,0.9968,0,-0.272,0.9612,0.046,0,8.7641,0.6591,80.2879,1]},
{"frame":237,"values":[0.9612,0.268,0.0657,0,-0.0507,-0.0626,0.9968,0,-0.2712,0.9614,0.0466,0,8.7718,0.6492,80.2844,1]},
{"frame":238,"values":[0.9613,0.2675,0.0657,0,-0.0506,-0.0629,0.9967,0,-0.2707,0.9615,0.0469,0,8.7794,0.6416,80.2814,1]},
{"frame":239,"values":[0.9614,0.2673,0.0657,0,-0.0506,-0.0631,0.9967,0,-0.2706,0.9615,0.0472,0,8.7878,0.6404,80.2792,1]},
{"frame":240,"values":[0.9614,0.2672,0.0656,0,-0.0505,-0.0632,0.9967,0,-0.2705,0.9616,0.0472,0,8.7954,0.6423,80.2777,1]},
{"frame":241,"values":[0.9615,0.267,0.0655,0,-0.0504,-0.0631,0.9967,0,-0.2703,0.9616,0.0472,0,8.8019,0.6453,80.2769,1]},
{"frame":242,"values":[0.9615,0.2668,0.0655,0,-0.0504,-0.0631,0.9967,0,-0.2701,0.9617,0.0472,0,8.8081,0.6494,80.2767,1]},
{"frame":243,"values":[0.9616,0.2666,0.0655,0,-0.0503,-0.0634,0.9967,0,-0.2699,0.9617,0.0476,0,8.8148,0.6533,80.277,1]},
{"frame":244,"values":[0.9616,0.2665,0.0655,0,-0.0502,-0.0638,0.9967,0,-0.2698,0.9617,0.048,0,8.8232,0.6563,80.2766,1]},
{"frame":245,"values":[0.9616,0.2664,0.0655,0,-0.0501,-0.0643,0.9967,0,-0.2697,0.9617,0.0484,0,8.8331,0.6589,80.2748,1]},
{"frame":246,"values":[0.9616,0.2664,0.0656,0,-0.0501,-0.0646,0.9967,0,-0.2697,0.9617,0.0488,0,8.8441,0.6607,80.2725,1]},
{"frame":247,"values":[0.9616,0.2665,0.0658,0,-0.0502,-0.0651,0.9966,0,-0.2699,0.9616,0.0492,0,8.8583,0.6612,80.268,1]},
{"frame":248,"values":[0.9615,0.2667,0.0661,0,-0.0503,-0.0654,0.9966,0,-0.2701,0.9616,0.0495,0,8.8752,0.6635,80.2632,1]},
{"frame":249,"values":[0.9615,0.2669,0.0661,0,-0.0503,-0.0655,0.9966,0,-0.2703,0.9615,0.0496,0,8.8937,0.6674,80.2597,1]},
{"frame":250,"values":[0.9614,0.267,0.0662,0,-0.0504,-0.0659,0.9966,0,-0.2704,0.9614,0.0499,0,8.9116,0.671,80.2558,1]},
{"frame":251,"values":[0.9613,0.2672,0.0664,0,-0.0505,-0.0662,0.9965,0,-0.2707,0.9614,0.0502,0,8.9269,0.6754,80.2508,1]},
{"frame":252,"values":[0.9614,0.2671,0.0665,0,-0.0504,-0.0665,0.9965,0,-0.2706,0.9614,0.0505,0,8.9413,0.6789,80.247,1]},
{"frame":253,"values":[0.9615,0.2667,0.0665,0,-0.0504,-0.0668,0.9965,0,-0.2702,0.9615,0.0508,0,8.9551,0.6837,80.2434,1]},
{"frame":254,"values":[0.9616,0.2662,0.0665,0,-0.0504,-0.0669,0.9965,0,-0.2698,0.9616,0.0509,0,8.9677,0.6858,80.2419,1]},
{"frame":255,"values":[0.9617,0.266,0.0665,0,-0.0503,-0.0671,0.9965,0,-0.2696,0.9616,0.0511,0,8.9785,0.686,80.2417,1]},
{"frame":256,"values":[0.9617,0.266,0.0664,0,-0.0503,-0.0669,0.9965,0,-0.2695,0.9617,0.051,0,8.9885,0.6806,80.2416,1]},
{"frame":257,"values":[0.9617,0.266,0.0663,0,-0.0503,-0.0663,0.9965,0,-0.2695,0.9617,0.0504,0,8.9948,0.6694,80.2414,1]},
{"frame":258,"values":[0.9618,0.2659,0.0658,0,-0.0501,-0.0656,0.9966,0,-0.2693,0.9618,0.0498,0,8.998,0.6574,80.2466,1]},
{"frame":259,"values":[0.9619,0.2654,0.0653,0,-0.0498,-0.0648,0.9967,0,-0.2688,0.9619,0.0492,0,8.9977,0.639,80.2542,1]},
{"frame":260,"values":[0.9621,0.2647,0.0648,0,-0.0495,-0.064,0.9967,0,-0.268,0.9622,0.0484,0,8.9951,0.6194,80.2648,1]},
{"frame":261,"values":[0.9624,0.2638,0.0641,0,-0.0491,-0.063,0.9968,0,-0.267,0.9625,0.0477,0,8.9889,0.599,80.2778,1]},
{"frame":262,"values":[0.9627,0.2629,0.0633,0,-0.0486,-0.0618,0.9969,0,-0.266,0.9628,0.0467,0,8.9813,0.5804,80.288,1]},
{"frame":263,"values":[0.963,0.2621,0.0626,0,-0.0483,-0.0607,0.997,0,-0.2651,0.9631,0.0457,0,8.971,0.5602,80.2994,1]},
{"frame":264,"values":[0.9632,0.2614,0.0619,0,-0.0479,-0.0595,0.9971,0,-0.2643,0.9634,0.0448,0,8.958,0.5418,80.3123,1]},
{"frame":265,"values":[0.9635,0.2608,0.0609,0,-0.0472,-0.0582,0.9972,0,-0.2636,0.9636,0.0438,0,8.9445,0.5279,80.3249,1]},
{"frame":266,"values":[0.9637,0.2603,0.06,0,-0.0467,-0.057,0.9973,0,-0.263,0.9638,0.0428,0,8.9326,0.5194,80.3365,1]},
{"frame":267,"values":[0.964,0.2594,0.059,0,-0.0461,-0.0557,0.9974,0,-0.262,0.9642,0.0417,0,8.9135,0.5102,80.3515,1]},
{"frame":268,"values":[0.9643,0.2583,0.0582,0,-0.0457,-0.0543,0.9975,0,-0.2608,0.9645,0.0405,0,8.8912,0.5025,80.3665,1]},
{"frame":269,"values":[0.9646,0.2572,0.0575,0,-0.0454,-0.0526,0.9976,0,-0.2596,0.9649,0.039,0,8.8712,0.495,80.3822,1]},
{"frame":270,"values":[0.9649,0.2563,0.0568,0,-0.0453,-0.0505,0.9977,0,-0.2586,0.9653,0.0371,0,8.851,0.4932,80.3988,1]},
{"frame":271,"values":[0.9651,0.2557,0.0561,0,-0.0452,-0.0484,0.9978,0,-0.2578,0.9655,0.0352,0,8.8339,0.4957,80.417,1]},
{"frame":272,"values":[0.9653,0.2551,0.0554,0,-0.045,-0.0465,0.9979,0,-0.2571,0.9658,0.0334,0,8.8172,0.5025,80.4349,1]},
{"frame":273,"values":[0.9655,0.2547,0.0547,0,-0.0447,-0.0449,0.998,0,-0.2566,0.966,0.0319,0,8.8035,0.5097,80.4497,1]},
{"frame":274,"values":[0.9655,0.2545,0.0544,0,-0.0447,-0.0436,0.998,0,-0.2564,0.9661,0.0307,0,8.7936,0.5156,80.4585,1]},
{"frame":275,"values":[0.9655,0.2546,0.0542,0,-0.0447,-0.0429,0.9981,0,-0.2565,0.9661,0.03,0,8.7837,0.5228,80.4635,1]},
{"frame":276,"values":[0.9655,0.2548,0.054,0,-0.0447,-0.042,0.9981,0,-0.2566,0.9661,0.0291,0,8.7745,0.5349,80.4653,1]},
{"frame":277,"values":[0.9654,0.2551,0.0538,0,-0.0449,-0.0408,0.9982,0,-0.2568,0.9661,0.028,0,8.7674,0.5566,80.4654,1]},
{"frame":278,"values":[0.9653,0.2555,0.0536,0,-0.0449,-0.0396,0.9982,0,-0.2572,0.966,0.0267,0,8.7593,0.5902,80.4663,1]},
{"frame":279,"values":[0.9654,0.2555,0.0531,0,-0.0449,-0.0379,0.9983,0,-0.2571,0.9661,0.0251,0,8.7481,0.6336,80.4718,1]},
{"frame":280,"values":[0.9655,0.2548,0.0528,0,-0.045,-0.0365,0.9983,0,-0.2563,0.9663,0.0238,0,8.7365,0.6873,80.48,1]},
{"frame":281,"values":[0.9658,0.2539,0.0522,0,-0.0448,-0.0349,0.9984,0,-0.2553,0.9666,0.0224,0,8.7182,0.7415,80.4913,1]},
{"frame":282,"values":[0.966,0.2534,0.0515,0,-0.0445,-0.0331,0.9985,0,-0.2547,0.9668,0.0207,0,8.6957,0.7953,80.5037,1]},
{"frame":283,"values":[0.9662,0.2529,0.0508,0,-0.0442,-0.0317,0.9985,0,-0.2541,0.967,0.0194,0,8.6683,0.8523,80.5142,1]},
{"frame":284,"values":[0.9662,0.2527,0.0507,0,-0.0443,-0.0309,0.9985,0,-0.2539,0.967,0.0186,0,8.6419,0.9056,80.5183,1]},
{"frame":285,"values":[0.9662,0.2527,0.0507,0,-0.0446,-0.0298,0.9986,0,-0.2538,0.9671,0.0176,0,8.6069,0.9593,80.5229,1]},
{"frame":286,"values":[0.9662,0.2528,0.0508,0,-0.045,-0.0286,0.9986,0,-0.2538,0.9671,0.0162,0,8.5626,1.0129,80.5336,1]},
{"frame":287,"values":[0.9662,0.2527,0.0507,0,-0.0453,-0.0271,0.9986,0,-0.2537,0.9672,0.0148,0,8.5103,1.0609,80.5437,1]},
{"frame":288,"values":[0.9665,0.2516,0.0505,0,-0.0454,-0.0259,0.9986,0,-0.2526,0.9675,0.0136,0,8.4478,1.1075,80.5615,1]},
{"frame":289,"values":[0.967,0.2498,0.0501,0,-0.0455,-0.0244,0.9987,0,-0.2507,0.968,0.0122,0,8.372,1.1455,80.5828,1]},
{"frame":290,"values":[0.9676,0.2475,0.0497,0,-0.0455,-0.0229,0.9987,0,-0.2483,0.9686,0.0109,0,8.2874,1.1735,80.6087,1]},
{"frame":291,"values":[0.9684,0.2444,0.049,0,-0.0452,-0.0214,0.9988,0,-0.2451,0.9694,0.0097,0,8.1903,1.1936,80.6431,1]},
{"frame":292,"values":[0.9694,0.2405,0.0481,0,-0.0446,-0.0202,0.9988,0,-0.2412,0.9704,0.0088,0,8.0764,1.196,80.6882,1]},
{"frame":293,"values":[0.9707,0.2357,0.0472,0,-0.0439,-0.0189,0.9989,0,-0.2363,0.9716,0.008,0,7.9519,1.1882,80.7452,1]},
{"frame":294,"values":[0.9723,0.2293,0.0461,0,-0.0432,-0.0175,0.9989,0,-0.2298,0.9732,0.0071,0,7.8174,1.1729,80.8118,1]},
{"frame":295,"values":[0.974,0.2222,0.0445,0,-0.042,-0.0158,0.999,0,-0.2227,0.9749,0.0061,0,7.6748,1.1586,80.8849,1]},
{"frame":296,"values":[0.9757,0.215,0.042,0,-0.0399,-0.0138,0.9991,0,-0.2153,0.9765,0.0049,0,7.5388,1.1312,80.9599,1]},
{"frame":297,"values":[0.9775,0.2075,0.0385,0,-0.0369,-0.0117,0.9993,0,-0.2078,0.9782,0.0038,0,7.4088,1.0909,81.0417,1]},
{"frame":298,"values":[0.9792,0.1999,0.0346,0,-0.0333,-0.0099,0.9994,0,-0.2001,0.9798,0.0031,0,7.2784,1.0342,81.1303,1]},
{"frame":299,"values":[0.9808,0.1926,0.0306,0,-0.0294,-0.0092,0.9995,0,-0.1928,0.9812,0.0034,0,7.1592,0.9828,81.2175,1]},
{"frame":300,"values":[0.9824,0.1851,0.0263,0,-0.025,-0.0092,0.9996,0,-0.1853,0.9827,0.0044,0,7.045,0.9248,81.3034,1]},
{"frame":301,"values":[0.9838,0.1779,0.0218,0,-0.0204,-0.0097,0.9997,0,-0.178,0.984,0.0059,0,6.923,0.8541,81.3986,1]},
{"frame":302,"values":[0.9852,0.1703,0.0165,0,-0.0151,-0.0097,0.9998,0,-0.1705,0.9853,0.0069,0,6.7994,0.7937,81.5033,1]},
{"frame":303,"values":[0.9866,0.1626,0.011,0,-0.0094,-0.0104,0.9999,0,-0.1627,0.9866,0.0088,0,6.6717,0.7378,81.6073,1]},
{"frame":304,"values":[0.988,0.1544,0.0048,0,-0.0031,-0.011,0.9999,0,-0.1544,0.988,0.0104,0,6.5331,0.6898,81.7137,1]},
{"frame":305,"values":[0.9893,0.1459,-0.0016,0,0.0033,-0.0118,0.9999,0,-0.1459,0.9892,0.0122,0,6.3829,0.6446,81.8181,1]},
{"frame":306,"values":[0.9905,0.1374,-0.0071,0,0.0089,-0.0125,0.9999,0,-0.1373,0.9904,0.0136,0,6.226,0.5909,81.9021,1]},
{"frame":307,"values":[0.9916,0.1288,-0.0125,0,0.0142,-0.0122,0.9998,0,-0.1286,0.9916,0.0139,0,6.0425,0.5203,81.9637,1]},
{"frame":308,"values":[0.9926,0.1204,-0.0177,0,0.0194,-0.0128,0.9997,0,-0.1201,0.9926,0.015,0,5.8525,0.4528,82.013,1]},
